000000000000000000000000000000000000000000000000000000000000
000000000000000000000000000000000000000000000000000000000000
000000000000000000000000000000000000000000000000000000000000
000000000000000000000200001000020000100001000000000000000000
000000000000000020000100004008040080200001000000000000000000
000000000000000020000200002000090000400801000020000000000000
0000000000000000100004008020000300a0300c01000000000000000000
000000000000000000000301301000020000700001000000000000000000
000000000000000000000000000000000000000000000000000000000000
000000000000000000000000000000000000000000000000000000000000
000000000000000000000000000000000000000000000000000000000000
000000000000000000000000000000000000000000000000000000000000
